Number of types = 20
-0.3966546734339614 0.6846914812243093 0.2914628263615863 -0.2559689064109513 2.032806661035389 0.7493525437361008 -0.2667986928767819 -0.44959539849668567 -0.11182026173151219 0.3192555506750091 -0.12490621679172648 -0.4581894306928403 0.16676084928094553 -0.6921277783259463 -1.374873436388673 0.3080833940221651 -0.03581398771586376 0.6031478931574203 -0.5953128918642564 0.2777758909417657
0.6846914812243093 0.8039241125034573 0.03393096067683682 0.7188437696660527 0.3307242950829289 -0.013960194227890438 -0.16392641206189357 1.2730380558884011 -0.5516008672367385 0.31885462201075543 -0.18958618637693583 -0.3760465065891728 0.41267705931948523 0.17279217187513707 -1.312966516196054 0.7928866202035594 0.8970625012933577 -0.17653140587816024 -0.4392728249041682 0.2836035146499365
0.2914628263615863 0.03393096067683682 -1.8212776671221957 -0.6701844997333637 0.18027752309127232 0.0023241946524316104 -0.8214512169000926 0.4179896000700599 0.4358469444830153 0.2800014316043887 -0.2338419716079591 -0.6750353869853434 -0.2520890824435257 -0.2890790057040147 0.004163591470995602 1.4837557808301316 -0.7912747347908785 -0.8707494324889469 0.3737637324188256 -0.15212425958764397
-0.2559689064109513 0.7188437696660527 -0.6701844997333637 -0.49201970526913175 0.3731125272016943 0.23330373809576188 -0.013506117794073125 0.8092669441175111 -0.18253212927476425 0.005635356137793923 0.21773575384098215 -0.366123943264293 -1.2076309651356343 0.10293000523136653 0.18814413169739036 -0.28881107836208025 -0.5708145824291162 0.05812719707960873 0.10050224491775964 1.0155958669904828
2.032806661035389 0.3307242950829289 0.18027752309127232 0.3731125272016943 -1.0316095672810033 1.2483323013389873 -0.7999140444992169 1.2448839480580838 0.8302896405692531 -0.14829992371079959 0.07135835355107845 0.21832442748525438 0.17675443530424378 0.4765946992998935 -0.43602207145761956 0.7211798513628008 -0.047123814687892396 -0.10748472445848112 -0.6824029135788372 0.07043306324917667
0.7493525437361008 -0.013960194227890438 0.0023241946524316104 0.23330373809576188 1.2483323013389873 -1.7656619509055447 1.3127590052313098 1.6386263592704455 -0.4298524041701906 0.6210873968340348 -0.7712503210065018 -0.8327608702705622 -0.4288350796942568 0.9474344473548608 0.6092024359410532 1.0306786828803085 0.6533293374119232 -0.2855756127465592 -0.5718977676940509 -0.0702591578287439
-0.2667986928767819 -0.16392641206189357 -0.8214512169000926 -0.013506117794073125 -0.7999140444992169 1.3127590052313098 0.2789465755335274 -0.0988357070063054 -0.9422387890259537 0.5081608844044603 -0.26636185967178055 1.5186480696557059 0.4645222092895255 0.10669630135995778 0.31677958571609743 -1.047371858187533 -0.8742148592829658 -0.16857438003854006 0.35067827867561185 -0.3833312153208359
-0.44959539849668567 1.2730380558884011 0.4179896000700599 0.8092669441175111 1.2448839480580838 1.6386263592704455 -0.0988357070063054 -0.5858986928692994 0.5058256281096404 0.3043693216738349 0.7804490047752908 0.3813164467646719 -0.5036260234563193 -0.4469712389698972 0.987303120294061 -0.3340207883045862 0.6456469543738825 0.07724933402023174 0.5267612272851024 -0.48127507067668435
-0.11182026173151219 -0.5516008672367385 0.4358469444830153 -0.18253212927476425 0.8302896405692531 -0.4298524041701906 -0.9422387890259537 0.5058256281096404 -0.009595417022890157 -0.8544284430442349 -0.034596009709321474 0.901686894015071 -0.4518428725198596 0.6799446213222691 0.15909615821184975 0.3524048331321416 1.355544282137545 0.6867906297267341 -0.45112961953326164 -0.8556596359701931
0.3192555506750091 0.31885462201075543 0.2800014316043887 0.005635356137793923 -0.14829992371079959 0.6210873968340348 0.5081608844044603 0.3043693216738349 -0.8544284430442349 -1.0903527709229122 0.5804917011484763 -0.645693150607016 0.6860830932707 -0.014356865705229704 0.47664201764591024 0.1782784112597574 -0.9226642649794305 0.0731234530895204 0.44412915363408884 -1.161427364599924
-0.12490621679172648 -0.18958618637693583 -0.2338419716079591 0.21773575384098215 0.07135835355107845 -0.7712503210065018 -0.26636185967178055 0.7804490047752908 -0.034596009709321474 0.5804917011484763 -0.2123822501300314 -0.7094388779759876 -0.056986798485786805 -0.9093098090939449 -0.8742548356853364 -1.2398895056826624 -1.1542448012144826 0.7106479211061434 0.11107018560518171 -0.3593490155762574
-0.4581894306928403 -0.3760465065891728 -0.6750353869853434 -0.366123943264293 0.21832442748525438 -0.8327608702705622 1.5186480696557059 0.3813164467646719 0.901686894015071 -0.645693150607016 -0.7094388779759876 -0.5682329905391554 1.0429130383022756 -1.1945924900464333 -0.14050384188875806 -0.963756654905696 0.4512444682961923 -1.0426419339335935 0.8441007822863988 0.3354685950374503
0.16676084928094553 0.41267705931948523 -0.2520890824435257 -1.2076309651356343 0.17675443530424378 -0.4288350796942568 0.4645222092895255 -0.5036260234563193 -0.4518428725198596 0.6860830932707 -0.056986798485786805 1.0429130383022756 2.370979932151746 -0.824262608391488 -0.575832201454897 0.553405563176356 -0.4488406980320902 -2.0755532128478213 -0.06197589037893636 0.23468901059677175
-0.6921277783259463 0.17279217187513707 -0.2890790057040147 0.10293000523136653 0.4765946992998935 0.9474344473548608 0.10669630135995778 -0.4469712389698972 0.6799446213222691 -0.014356865705229704 -0.9093098090939449 -1.1945924900464333 -0.824262608391488 -1.0150006940412895 -0.30006177013695773 0.0669886356450906 -0.6365010785721088 -0.9617830725810462 1.1200744793494974 -1.5770945758257644
-1.374873436388673 -1.312966516196054 0.004163591470995602 0.18814413169739036 -0.43602207145761956 0.6092024359410532 0.31677958571609743 0.987303120294061 0.15909615821184975 0.47664201764591024 -0.8742548356853364 -0.14050384188875806 -0.575832201454897 -0.30006177013695773 -0.19434569471153448 -1.5531096152063495 -0.745789475927391 0.1254747614116259 -0.06792809640141706 -0.18117579977260234
0.3080833940221651 0.7928866202035594 1.4837557808301316 -0.28881107836208025 0.7211798513628008 1.0306786828803085 -1.047371858187533 -0.3340207883045862 0.3524048331321416 0.1782784112597574 -1.2398895056826624 -0.963756654905696 0.553405563176356 0.0669886356450906 -1.5531096152063495 0.3944947558823826 -0.20607501009895765 -0.5929581949808974 1.4176510990918 1.101137780577551
-0.03581398771586376 0.8970625012933577 -0.7912747347908785 -0.5708145824291162 -0.047123814687892396 0.6533293374119232 -0.8742148592829658 0.6456469543738825 1.355544282137545 -0.9226642649794305 -1.1542448012144826 0.4512444682961923 -0.4488406980320902 -0.6365010785721088 -0.745789475927391 -0.20607501009895765 1.3106790451489758 0.43842866098844746 0.2661738301279016 0.33298899972601126
0.6031478931574203 -0.17653140587816024 -0.8707494324889469 0.05812719707960873 -0.10748472445848112 -0.2855756127465592 -0.16857438003854006 0.07724933402023174 0.6867906297267341 0.0731234530895204 0.7106479211061434 -1.0426419339335935 -2.0755532128478213 -0.9617830725810462 0.1254747614116259 -0.5929581949808974 0.43842866098844746 -0.6408633668322773 -1.0978743726060016 0.9559176339335506
-0.5953128918642564 -0.4392728249041682 0.3737637324188256 0.10050224491775964 -0.6824029135788372 -0.5718977676940509 0.35067827867561185 0.5267612272851024 -0.45112961953326164 0.44412915363408884 0.11107018560518171 0.8441007822863988 -0.06197589037893636 1.1200744793494974 -0.06792809640141706 1.4176510990918 0.2661738301279016 -1.0978743726060016 -0.4216561404372028 0.15694162672735557
0.2777758909417657 0.2836035146499365 -0.15212425958764397 1.0155958669904828 0.07043306324917667 -0.0702591578287439 -0.3833312153208359 -0.48127507067668435 -0.8556596359701931 -1.161427364599924 -0.3593490155762574 0.3354685950374503 0.23468901059677175 -1.5770945758257644 -0.18117579977260234 1.101137780577551 0.33298899972601126 0.9559176339335506 0.15694162672735557 -0.20424459852802562
