Number of types = 6
-1.263  0.647 -0.928 -1.618  0.418 -0.561
 0.647  1.518 -0.800 -0.707 -0.012  0.149
-0.928 -0.800 -0.794 -0.877  1.477  1.227
-1.618 -0.707 -0.877 -1.237 -0.866 -1.575
 0.418 -0.012  1.477 -0.866 -0.999 -1.512
-0.561  0.149  1.227 -1.575 -1.512 -0.505
